Version 0.9.7
5
 4 312 353 77 128 0 1
 5 80 400 206 81 2 2
 0 458 287 877 276 8 3
 1 532 152 206 81 140 4
 3 907 191 203 58 150 5
 0
20
 0 5 373 466 373 466 373 535 373 535 511 535 511 535 0 1 0 3
 0 5 862 457 862 457 862 457 862 535 862 535 862 535 0 3 0 3
 0 5 547 221 547 221 443 221 443 427 373 427 373 427 0 4 0 1
 0 5 918 228 918 279 453 279 453 440 373 440 373 440 0 5 0 1
 255 5 771 392 771 392 771 392 771 314 771 314 771 314 0 3 0 3
 255 5 373 406 373 406 430 406 430 314 511 314 511 314 0 1 0 3
 255 5 547 163 547 163 420 163 420 367 373 367 373 367 0 4 0 1
 16384 5 771 457 771 457 771 557 572 557 572 189 588 189 0 3 0 4
 16384 5 784 457 784 457 784 515 598 515 598 189 607 189 0 3 0 4
 16384 5 797 457 797 505 634 505 634 189 626 189 626 189 0 3 0 4
 0 5 823 457 823 457 823 457 823 535 823 535 823 535 0 3 0 3
 0 5 836 457 836 457 836 457 836 535 836 535 836 535 0 3 0 3
 255 5 810 457 810 521 750 521 750 342 810 342 810 314 0 3 0 3
 16711935 5 849 457 849 457 849 520 1093 520 1093 235 1093 235 0 3 0 5
 16711935 5 862 392 862 392 862 414 1073 414 1073 235 1073 235 0 3 0 5
 16711935 5 849 392 849 392 849 421 1017 421 1017 235 1053 235 0 3 0 5
 16711935 5 836 392 836 392 836 427 993 427 993 235 1033 235 0 3 0 5
 16711935 5 823 392 823 392 823 433 1005 433 1005 235 1013 235 0 3 0 5
 16711935 5 797 392 797 392 797 297 984 297 984 235 973 235 0 3 0 5
 16711935 5 784 392 784 392 784 289 978 289 978 235 953 235 0 3 0 5
1
 7138 1 16 765 405 5 0 0 0 3
