Version 0.9.7
6
 4 10 175 77 128 0 1
 5 80 400 206 81 2 2
 0 300 300 877 276 8 3
 1 306 176 206 81 140 4
 3 899 206 203 58 150 5
 1 511 174 206 81 159 7
 0
22
 255 5 321 187 321 187 321 190 71 190 71 189 71 189 0 4 0 1
 255 5 353 327 353 327 232 327 232 228 71 228 71 228 0 3 0 1
 255 5 526 185 526 185 526 145 165 145 165 202 71 202 0 7 0 1
 0 5 71 288 71 288 70 288 70 548 353 548 353 548 0 1 0 3
 0 5 910 243 905 243 905 582 105 582 105 275 71 275 0 5 0 1
 0 5 756 470 756 470 756 470 756 548 756 548 756 548 0 3 0 3
 0 5 321 245 321 245 321 249 321 249 71 249 71 249 0 4 0 1
 0 5 526 243 526 243 526 262 526 262 71 262 71 262 0 7 0 1
 255 5 665 405 665 405 665 405 665 327 665 327 665 327 0 3 0 3
 16711935 5 1005 250 1005 250 1005 334 678 334 678 405 678 405 0 5 0 3
 16711935 5 756 405 756 405 756 303 945 303 945 250 945 250 0 3 0 5
 16711935 5 743 470 743 470 743 521 965 521 965 250 965 250 0 3 0 5
 16711935 5 730 470 730 470 730 530 985 530 985 250 985 250 0 3 0 5
 16384 5 730 405 730 405 730 165 362 165 362 187 362 187 0 3 0 4
 16384 5 717 405 717 405 717 438 391 438 391 187 381 187 0 3 0 4
 16384 5 704 405 704 405 704 430 410 430 410 187 400 187 0 3 0 4
 16384 5 665 470 665 470 665 529 429 529 429 187 419 187 0 3 0 4
 16384 5 678 470 678 470 678 523 446 523 446 187 438 187 0 3 0 4
 16384 5 691 470 691 516 464 516 464 187 457 187 457 187 0 3 0 4
 16384 5 743 405 743 405 743 150 567 150 567 185 567 185 0 3 0 7
 16384 5 495 187 495 119 723 119 723 470 717 470 717 470 0 4 0 3
 16384 5 704 470 710 470 710 132 476 132 476 187 476 187 0 3 0 4
1
 7147 1 16 659 418 5 0 0 0 3
