Version 0.9.7
6
 4 525 273 77 128 0 1
 5 80 400 206 81 2 2
 0 681 227 877 276 8 3
 3 1110 134 203 58 140 4
 1 823 82 206 81 149 5
 1 599 80 206 81 159 6
 0
23
 16711935 5 1098 397 1098 397 1098 462 1156 462 1156 178 1156 178 0 3 0 4
 0 5 586 386 586 386 586 475 586 475 734 475 734 475 0 1 0 3
 0 5 614 149 614 149 616 149 616 347 586 347 586 347 0 6 0 1
 0 5 838 151 838 204 645 204 645 360 586 360 586 360 0 5 0 1
 0 5 586 373 586 373 660 373 660 212 1121 212 1121 171 0 1 0 4
 255 5 586 287 586 287 585 287 585 91 614 91 614 91 0 1 0 6
 255 5 838 93 814 93 814 177 607 177 607 300 586 300 0 5 0 1
 255 5 734 241 734 241 670 241 670 313 586 313 586 313 0 3 0 1
 16711935 5 1176 178 1176 178 1176 368 1111 368 1111 332 1111 332 0 4 0 3
 0 5 1111 397 1111 397 1111 397 1111 475 1111 475 1111 475 0 3 0 3
 0 5 1020 397 1020 397 1020 397 1020 475 1020 475 1020 475 0 3 0 3
 0 5 1033 332 1026 332 1026 270 950 270 950 475 955 475 0 3 0 3
 16384 5 1033 397 1033 397 1040 397 1040 59 898 59 898 93 0 3 0 5
 16384 5 1085 397 1093 397 1093 32 655 32 655 91 655 91 0 3 0 6
 16384 5 1072 397 1079 397 1079 43 674 43 674 91 674 91 0 3 0 6
 16384 5 693 91 693 91 693 53 1067 53 1067 397 1059 397 0 6 0 3
 16384 5 712 91 712 91 712 65 1054 65 1054 397 1046 397 0 6 0 3
 16384 5 731 91 731 91 731 72 1103 72 1103 332 1098 332 0 6 0 3
 16384 5 1085 332 1085 332 1085 79 750 79 750 91 750 91 0 3 0 6
 16384 5 1046 332 1046 332 1046 85 879 85 879 93 879 93 0 3 0 5
 16384 5 1059 332 1060 332 1060 194 788 194 788 91 788 91 0 3 0 6
 16384 5 1072 332 1073 332 1073 366 769 366 769 91 769 91 0 3 0 6
 255 5 1020 332 1020 332 1020 332 1020 241 1020 241 1020 241 0 3 0 3
1
 7153 1 16 1014 345 5 0 0 0 3
