Version 0.9.7
5
 4 186 331 77 128 0 1
 5 80 400 206 81 2 2
 0 593 262 877 276 8 3
 1 396 173 206 81 140 4
 6 844 131 449 130 150 5
 0
20
 255 5 860 158 860 186 612 186 612 384 247 384 247 384 0 5 0 1
 0 5 828 432 828 432 828 432 828 510 828 510 828 510 0 3 0 3
 0 5 867 432 867 432 867 432 867 510 867 510 867 510 0 3 0 3
 0 5 646 510 646 510 646 508 247 508 247 444 247 444 0 3 0 1
 0 5 411 242 411 242 398 242 398 428 247 428 247 431 0 4 0 1
 255 5 802 432 802 492 726 492 726 289 724 289 724 289 0 3 0 3
 255 5 776 367 776 367 776 367 776 289 776 289 776 289 0 3 0 3
 255 5 247 345 247 345 247 184 247 184 411 184 411 184 0 1 0 4
 255 5 247 358 247 358 465 358 465 289 646 289 646 289 0 1 0 3
 16384 5 854 432 854 432 854 568 429 568 429 210 452 210 0 3 0 4
 16384 5 776 432 776 432 776 440 440 440 440 210 471 210 0 3 0 4
 16384 5 841 432 841 432 841 549 536 549 536 210 509 210 0 3 0 4
 16384 5 789 432 789 432 789 483 526 483 526 210 490 210 0 3 0 4
 16711935 5 789 367 789 367 789 310 946 310 946 254 946 254 0 3 0 5
 16711935 5 802 367 802 367 802 301 959 301 959 254 959 254 0 3 0 5
 16711935 5 815 367 815 367 815 266 881 266 881 254 881 254 0 3 0 5
 16711935 5 828 367 828 367 828 282 894 282 894 254 894 254 0 3 0 5
 16711935 5 841 367 841 367 841 393 907 393 907 254 907 254 0 3 0 5
 16711935 5 854 367 854 367 854 385 920 385 920 254 920 254 0 3 0 5
 16711935 5 867 367 867 367 933 367 933 367 933 254 933 254 0 3 0 5
1
 7047 1 16 770 380 5 0 0 0 3
