Version 0.9.7
7
 4 206 244 77 128 0 1
 5 80 400 206 81 2 2
 0 514 249 877 276 8 3
 6 830 117 449 130 140 4
 3 445 561 203 58 173 5
 1 417 90 206 81 182 6
 1 623 89 206 81 192 7
 0
36
 255 5 432 101 432 101 403 101 403 271 267 271 267 271 0 6 0 1
 255 5 1061 354 1061 354 1061 354 1061 263 1061 263 1061 263 0 3 0 3
 16384 5 775 419 805 419 805 59 492 59 492 101 492 101 0 3 0 6
 16384 5 710 419 710 419 710 480 511 480 511 101 511 101 0 3 0 6
 16384 5 684 419 684 419 684 473 530 473 530 101 530 101 0 3 0 6
 16384 5 684 354 684 354 684 354 606 354 606 101 606 101 0 3 0 6
 16384 5 723 419 723 393 644 393 644 86 587 86 587 101 0 3 0 6
 16384 5 762 419 813 419 813 72 568 72 568 101 568 101 0 3 0 6
 16384 5 749 354 743 354 743 66 549 66 549 101 549 101 0 3 0 6
 0 5 267 318 267 318 432 318 432 318 432 159 432 159 0 1 0 6
 0 5 267 331 267 331 477 331 477 180 638 180 638 158 0 1 0 7
 0 5 632 328 632 328 632 328 606 328 606 328 606 328 0 3 0 3
 0 5 267 344 267 344 456 344 456 344 456 598 456 598 0 1 0 5
 0 5 567 497 567 497 267 497 267 497 267 357 267 357 0 3 0 1
 0 5 1152 419 1152 419 1152 419 1152 497 1152 497 1152 497 0 3 0 3
 0 5 736 354 736 360 795 360 795 497 801 497 801 497 0 3 0 3
 255 5 638 100 638 100 638 42 379 42 379 284 267 284 0 7 0 1
 255 5 736 419 736 419 736 487 575 487 575 263 580 263 0 3 0 3
 255 5 567 263 567 263 567 233 267 233 267 258 267 258 0 3 0 1
 16384 5 723 354 723 354 718 354 718 91 679 91 679 126 0 3 0 7
 16711935 5 710 354 710 354 710 293 481 293 481 605 491 605 0 3 0 5
 255 5 1113 419 1113 419 1113 476 1334 476 1334 276 1334 276 0 3 0 3
 255 5 1087 419 1087 419 1087 482 1321 482 1321 276 1321 276 0 3 0 3
 16776960 5 697 419 697 419 697 485 1074 485 1074 419 1074 419 0 3 0 3
 16776960 5 749 419 749 419 749 478 1061 478 1061 419 1061 419 0 3 0 3
 16776960 5 697 354 697 354 697 472 1126 472 1126 419 1126 419 0 3 0 3
 16776960 5 775 354 784 354 784 466 1139 466 1139 419 1139 419 0 3 0 3
 16384 5 762 354 762 354 762 52 473 52 473 101 473 101 0 3 0 6
 16711935 5 1152 354 1152 354 1152 221 919 221 919 240 919 240 0 3 0 4
 16711935 5 1139 354 1139 354 1139 250 906 250 906 240 906 240 0 3 0 4
 16711935 5 1126 354 1126 354 1126 256 893 256 893 240 893 240 0 3 0 4
 16711935 5 1113 354 1113 354 1113 397 880 397 880 240 880 240 0 3 0 4
 16711935 5 1100 354 1099 354 1099 390 867 390 867 240 867 240 0 3 0 4
 16711935 5 1087 354 1087 354 1087 379 945 379 945 240 945 240 0 3 0 4
 16711935 5 1074 354 1074 354 1074 384 932 384 932 240 932 240 0 3 0 4
 255 5 846 144 846 144 846 23 256 23 256 297 267 297 0 4 0 1
2
 7047 1 16 1055 367 5 0 0 0 3
 7083 1 16 678 367 5 0 0 0 3
