Version 0.9.7
5
 4 267 368 77 128 0 1
 5 80 400 206 81 2 2
 0 478 338 877 276 8 3
 1 367 200 206 81 140 4
 3 999 265 203 58 150 5
 0
21
 255 5 869 443 869 443 869 443 869 365 869 365 869 365 0 3 0 3
 255 5 382 211 382 211 349 211 349 382 328 382 328 382 0 4 0 1
 0 5 960 508 960 508 960 508 960 586 960 586 960 586 0 3 0 3
 0 5 328 481 328 481 328 481 328 586 531 586 531 586 0 1 0 3
 0 5 382 269 382 269 382 442 382 442 328 442 328 442 0 4 0 1
 0 5 882 508 882 508 882 508 882 586 882 586 882 586 0 3 0 3
 0 5 908 508 908 508 908 508 908 586 908 586 908 586 0 3 0 3
 16384 5 869 508 869 508 869 567 589 567 589 211 556 211 0 3 0 4
 16384 5 882 443 876 443 876 178 480 178 480 211 480 211 0 3 0 4
 255 5 895 508 895 557 820 557 820 391 843 391 843 365 0 3 0 3
 255 5 328 408 328 408 328 407 483 407 483 365 531 365 0 1 0 3
 16384 5 895 443 895 443 895 478 526 478 526 211 537 211 0 3 0 4
 16384 5 908 443 908 443 908 485 452 485 452 211 461 211 0 3 0 4
 16384 5 921 443 927 443 927 168 442 168 442 211 442 211 0 3 0 4
 16384 5 518 237 508 237 508 470 934 470 934 443 934 443 0 4 0 3
 16384 5 947 443 947 443 947 187 423 187 423 211 423 211 0 3 0 4
 16384 5 960 443 960 443 960 196 499 196 499 211 499 211 0 3 0 4
 16711935 5 947 508 947 508 947 559 1045 559 1045 309 1045 309 0 3 0 5
 16711935 5 934 508 934 508 934 566 1065 566 1065 309 1065 309 0 3 0 5
 16711935 5 921 508 921 508 921 573 1085 573 1085 309 1085 309 0 3 0 5
 0 5 1010 302 1010 302 1010 119 316 119 316 455 328 455 0 5 0 1
1
 7085 1 16 863 456 5 0 0 0 3
