Version 0.9.7
5
 4 192 278 77 128 0 1
 5 80 400 206 81 2 2
 0 409 267 877 276 8 3
 1 430 127 206 81 140 4
 3 892 191 203 58 150 5
 0
17
 255 5 445 138 445 138 298 138 298 292 253 292 253 292 0 4 0 1
 255 5 253 305 253 305 253 304 429 304 429 281 462 281 0 1 0 3
 255 5 696 437 696 437 696 499 938 499 938 281 943 281 0 3 0 3
 0 5 253 391 253 391 253 515 253 515 462 515 462 515 0 1 0 3
 0 5 903 228 903 246 336 246 336 352 253 352 253 352 0 5 0 1
 0 5 445 196 445 196 356 196 356 365 253 365 253 365 0 4 0 1
 16711935 5 670 372 670 305 928 305 928 235 938 235 938 235 0 3 0 5
 16711935 5 958 235 963 235 963 399 709 399 709 372 709 372 0 5 0 3
 16711935 5 722 372 722 372 722 405 978 405 978 235 978 235 0 3 0 5
 16711935 5 683 372 683 372 683 412 998 412 998 235 998 235 0 3 0 5
 0 5 475 515 483 515 483 312 691 312 691 372 696 372 0 3 0 3
 16384 5 644 372 644 409 455 409 455 138 486 138 486 138 0 3 0 4
 16384 5 644 437 644 444 496 444 496 138 505 138 505 138 0 3 0 4
 16384 5 657 437 657 437 663 437 663 109 524 109 524 138 0 3 0 4
 16384 5 670 437 670 437 677 437 677 118 543 118 543 138 0 3 0 4
 16384 5 709 437 709 444 758 444 758 126 562 126 562 138 0 3 0 4
 16384 5 722 437 722 437 742 437 742 133 581 133 581 138 0 3 0 4
1
 7090 1 14 638 385 5 0 0 0 3
